-18.96375,14.24250,-17.32250 
-18.96375,14.24250,-17.32250 
-18.96375,14.24250,-17.32250 
-18.96375,14.24250,-17.32250 
-18.96375,14.24250,-17.32250 
-18.96375,14.24250,-17.32250 
-18.96375,14.24250,-17.32250 
-18.96375,14.24250,-17.32250 
-18.96375,14.24250,-17.32250 
-18.96375,14.24250,-17.32250 
-18.96375,14.24250,-17.32250 
-18.96375,14.24250,-17.32250 
-18.96375,14.24250,-17.32250 
-18.96375,14.24250,-17.32250 
-18.96375,14.24250,-17.32250 
-18.96375,14.24250,-17.32250 
-18.96375,14.24250,-17.32250 
-18.96375,14.24250,-17.32250 
-18.96375,14.24250,-17.32250 
-18.96375,14.24250,-17.32250 
